1000 2000
672 729
401 672
272 401
783 272
117 783
383 117
168 783
496 383
446 496
206 496
204 496
323 446
134 323
121 134
674 121
807 674
928 674
413 674
582 413
835 582
787 835
985 582
604 985
337 604
687 985
151 604
147 151
916 147
405 916
431 405
188 405
244 188
64 244
868 64
676 868
961 868
685 961
143 961
224 143
42 224
514 42
150 514
270 224
191 150
113 191
423 42
250 113
980 250
464 980
303 464
926 303
575 303
664 926
326 575
389 326
225 389
114 664
892 389
945 892
333 945
653 333
41 653
561 41
768 41
966 41
44 561
995 41
23 995
976 23
340 976
715 340
692 715
332 715
753 692
665 753
991 665
798 753
451 798
573 665
238 573
902 573
669 902
602 669
741 602
156 741
667 156
624 156
588 624
391 588
823 588
86 391
837 823
951 837
197 951
755 197
381 755
641 381
144 641
283 144
40 283
226 40
263 283
215 226
950 263
560 950
236 560
911 236
77 911
691 77
488 691
298 488
187 691
93 298
770 93
501 770
448 770
490 448
123 490
938 123
399 123
767 399
925 938
252 925
771 925
133 771
603 133
968 133
854 968
463 603
220 463
996 220
930 996
809 930
110 809
106 110
713 106
629 106
256 110
492 256
474 492
268 474
549 268
83 549
112 83
82 112
169 82
990 474
623 990
845 623
563 623
28 563
445 563
855 445
494 855
825 855
418 825
904 825
743 904
300 743
53 300
764 53
52 764
14 53
737 14
878 737
403 878
232 403
419 232
576 419
100 576
957 100
836 957
380 957
820 380
684 380
286 684
245 286
394 245
598 394
935 394
412 935
127 412
594 127
281 935
703 281
782 594
350 782
946 350
275 946
81 275
219 81
472 219
120 472
504 120
312 120
511 312
208 511
657 208
165 657
330 657
338 657
356 338
218 356
382 356
716 218
186 716
97 186
373 186
25 373
336 186
972 336
10 336
671 10
540 671
46 671
949 46
371 949
126 371
752 371
828 752
145 828
893 752
372 145
359 893
98 145
591 98
509 591
231 509
38 231
546 38
879 546
470 879
2 470
482 2
876 482
932 482
467 932
570 467
18 570
550 18
304 550
643 18
595 643
917 595
358 917
632 917
63 595
148 63
455 148
480 455
248 455
462 455
69 462
759 480
428 69
649 428
562 428
55 562
979 55
360 979
569 55
552 360
320 552
94 320
882 94
675 882
521 882
642 882
581 642
109 581
886 109
267 581
842 267
291 886
45 842
57 886
896 45
857 896
178 57
619 178
194 178
449 178
940 449
914 940
875 619
910 875
491 875
43 491
7 910
670 7
29 670
414 29
195 414
803 195
628 414
544 628
440 628
384 440
871 384
362 440
443 362
982 443
545 443
20 545
363 20
497 363
351 497
366 351
396 351
937 366
408 366
773 408
458 773
489 937
829 489
586 829
116 586
62 116
788 62
27 788
750 27
402 27
760 750
730 760
70 730
693 70
311 693
297 693
434 297
242 434
948 242
157 948
724 157
638 724
611 724
288 638
313 288
393 288
85 393
354 85
677 354
861 677
765 861
528 765
517 528
844 517
717 844
647 717
874 647
75 874
683 75
118 683
881 118
734 683
498 734
153 734
292 498
531 292
843 292
213 881
104 843
51 104
553 51
921 553
646 921
416 646
998 416
571 646
452 571
324 571
981 571
284 981
954 284
732 284
254 732
453 254
859 254
499 453
8 859
49 8
355 49
622 355
574 622
863 574
235 863
269 574
271 269
293 271
585 293
695 585
681 695
633 695
541 633
547 541
61 547
912 61
791 912
725 791
774 791
530 774
67 530
644 67
655 67
54 655
357 54
714 644
72 714
15 67
438 72
289 72
884 289
579 15
905 289
429 884
699 429
758 699
736 758
317 736
728 736
543 317
700 543
580 543
444 580
105 700
708 444
410 708
566 410
24 566
164 24
163 164
447 24
673 163
696 447
495 696
733 495
87 495
344 87
613 344
364 344
111 364
108 111
592 108
74 108
749 74
3 749
481 3
280 481
290 481
810 280
944 810
869 944
971 869
988 971
864 988
986 971
60 986
1000 60
450 986
420 1000
992 420
17 992
924 17
316 992
190 316
858 190
398 316
934 398
751 934
210 751
527 934
375 527
919 375
212 919
686 212
71 686
707 212
152 375
794 375
962 152
678 962
483 962
234 483
920 483
827 920
146 678
815 146
433 815
36 433
781 36
21 781
662 21
328 433
520 328
334 520
970 662
339 520
789 339
466 970
666 466
899 666
158 899
352 899
478 352
555 478
507 555
299 507
739 299
301 507
769 301
748 301
329 748
174 329
583 748
790 583
503 583
535 790
852 790
639 852
59 639
578 59
294 578
30 294
56 30
347 56
663 56
454 663
513 454
627 513
406 454
537 406
90 537
688 537
230 90
102 230
361 102
915 102
754 361
719 754
68 915
740 68
615 740
821 615
138 68
400 138
834 821
742 834
999 742
701 999
265 701
533 265
229 265
883 229
689 883
564 689
895 564
506 895
205 533
720 506
136 720
519 136
115 136
761 115
84 761
817 84
532 84
227 761
99 227
614 227
913 614
556 913
26 556
524 26
5 556
170 5
848 5
648 848
960 648
189 960
704 648
819 704
346 819
660 819
439 704
33 439
240 33
873 33
411 439
606 411
48 606
318 48
738 48
95 738
386 318
731 386
96 731
202 731
838 202
437 838
149 838
193 149
322 193
680 322
465 680
162 465
430 162
851 430
959 851
456 959
605 456
567 456
597 959
335 597
824 335
6 335
184 6
137 6
987 137
198 987
635 987
200 635
710 200
247 635
239 247
850 239
880 850
645 850
485 645
658 485
515 658
890 485
656 890
251 890
918 890
471 656
856 918
984 856
460 984
534 460
762 984
735 762
565 460
792 565
505 735
369 505
877 369
907 877
577 907
141 877
931 141
407 141
342 577
122 342
908 342
176 908
457 176
906 457
778 906
621 778
846 457
975 846
812 975
180 846
607 180
964 607
923 621
179 923
353 964
282 923
73 353
325 73
502 325
35 73
274 35
831 35
315 274
797 315
175 315
228 175
818 228
424 797
166 175
865 166
378 166
610 378
154 610
387 378
276 387
989 276
421 989
625 421
409 989
698 409
943 698
177 943
796 177
510 177
589 510
479 510
159 479
600 159
568 600
901 568
942 901
711 942
50 479
508 568
785 508
709 508
974 709
965 508
89 974
223 89
78 965
171 78
801 171
374 801
651 374
305 651
279 305
91 279
278 91
142 91
799 142
659 278
952 659
477 952
572 477
833 572
249 572
650 572
233 650
830 650
39 233
722 39
841 722
468 841
939 468
128 939
826 128
927 826
539 927
192 539
185 192
327 539
839 192
222 839
209 327
207 209
867 839
903 867
721 903
255 903
727 255
442 727
58 727
804 58
119 442
529 804
390 119
92 390
860 92
813 860
214 813
125 214
634 125
348 634
617 634
310 617
475 310
542 475
295 542
847 295
309 295
777 309
469 777
849 777
853 469
947 853
637 853
132 947
983 132
181 983
385 849
139 983
705 139
870 705
757 705
898 757
894 757
963 894
523 894
620 523
22 620
341 22
745 341
795 745
395 795
101 395
891 395
872 891
211 872
806 211
277 806
889 211
593 889
376 593
793 376
631 793
273 631
929 273
131 929
953 131
319 131
682 953
694 319
296 694
548 694
349 548
763 349
260 763
559 260
551 260
557 551
941 260
862 557
435 862
441 862
11 441
261 11
997 261
266 261
526 266
832 526
766 526
747 832
802 747
161 832
314 161
814 314
958 161
264 814
66 264
392 66
780 392
343 780
262 343
969 262
13 969
253 13
321 253
697 253
173 697
31 173
626 31
287 31
243 31
744 243
484 243
129 744
379 484
706 379
345 706
608 345
805 345
426 345
4 426
679 805
584 679
554 584
776 679
522 584
887 776
994 887
103 887
476 994
955 994
135 955
512 955
973 955
786 973
784 786
182 784
536 182
525 784
779 525
257 779
201 257
599 257
65 599
936 65
172 201
486 172
1 486
167 1
37 167
900 37
654 900
756 654
816 756
88 816
404 654
140 404
183 140
130 183
432 130
718 130
493 718
76 432
487 493
993 76
822 993
47 822
370 47
612 370
160 47
12 612
800 160
425 12
246 425
897 246
909 246
922 909
702 922
461 702
388 702
590 388
772 590
307 772
668 307
640 668
967 640
415 307
978 415
518 978
473 978
601 473
933 473
302 933
866 302
500 866
308 500
241 500
977 241
368 977
427 368
775 368
221 775
888 221
596 221
558 596
618 558
259 618
746 259
652 746
16 746
107 652
203 107
285 107
124 285
422 124
80 285
726 80
436 726
19 436
840 19
365 19
459 365
636 459
538 636
237 538
516 237
155 516
811 237
690 155
32 690
217 32
367 155
417 367
609 367
630 609
397 630
79 417
377 79
723 377
196 377
331 723
956 331
712 331
216 956
258 216
616 258
661 616
587 661
34 587
306 34
885 34
9 885
199 9
808 199
2 980
1 607 54611
1 777 83926
1 838 74632
1 30 11947
2 845
1 374 53665
1 309 89971
2 447
2 122
2 421
2 876
2 261
2 941
1 202 9647
1 546 15173
2 946
2 758
2 316
2 164
2 597
1 13 11744
2 303
2 715
2 556
1 674 48232
1 175 97979
2 584
1 760 36783
1 156 67739
2 651
1 890 26828
2 897
2 560
2 402
1 127 74211
1 201 63017
1 654 20790
2 722
1 439 655
2 938
2 996
2 258
1 115 29069
2 486
2 915
1 595 94240
2 102
2 484
1 119 29031
2 14
1 819 18481
2 860
2 751
1 623 70429
1 327 81943
1 400 61462
2 787
2 710
1 154 67994
2 772
2 333
2 828
2 409
2 537
2 876
2 839
1 69 73081
1 49 25737
1 478 7031
1 72 57941
1 739 71033
1 282 89565
1 884 10694
1 960 32446
2 786
2 215
2 222
2 154
2 894
2 103
2 329
1 993 90065
1 982 28302
2 828
2 780
2 838
1 909 68900
2 954
2 871
2 759
2 947
1 522 8364
2 910
1 996 71999
1 710 64449
2 208
1 818 68601
1 152 17115
2 553
1 341 5643
1 221 12412
2 72
2 980
1 343 47621
2 272
2 71
2 250
1 734 51272
2 317
2 716
1 308 49769
1 325 26406
2 109
1 257 14300
1 886 34466
1 10 27182
2 596
2 440
1 514 51523
2 836
1 365 92722
1 716 953
2 398
1 843 35584
1 540 44644
1 361 98838
2 795
2 846
2 400
2 938
2 92
1 411 17190
2 787
1 319 63599
2 584
1 663 50751
1 119 69840
2 179
1 17 57858
1 247 94686
1 854 33027
2 354
2 369
2 318
2 977
2 194
1 755 57632
1 803 72703
1 226 13304
2 776
2 270
1 635 61162
1 225 78430
2 542
2 161
1 555 36707
2 825
2 244
1 608 20095
1 202 95994
1 103 53281
1 174 80404
2 662
1 126 1789
1 733 51350
2 85
1 943 33358
1 525 13603
2 247
1 920 21344
2 44
2 420
1 464 20079
2 832
2 757
2 283
2 727
2 273
2 157
2 989
1 394 7204
1 123 64313
1 885 64797
2 375
1 258 66476
2 93
2 286
1 324 25234
2 230
2 48
2 80
2 43
1 576 20087
1 728 52761
2 686
1 485 66197
2 657
1 721 70181
1 89 7510
2 822
1 481 28170
2 235
2 640
2 318
2 219
2 250
1 479 53913
2 288
2 427
2 455
2 437
2 251
1 769 20913
2 884
2 249
2 734
1 295 50264
2 626
2 921
2 154
2 103
1 699 40561
1 359 22600
2 454
2 977
1 723 13136
2 510
2 376
2 278
2 801
2 116
2 313
1 78 25977
2 88
2 180
1 281 83229
1 946 83883
1 515 92941
1 596 6934
1 917 18363
1 79 21798
1 816 11969
1 473 89378
1 374 61195
1 566 35544
1 377 61336
2 913
1 866 8554
1 765 75701
2 923
2 694
2 647
2 235
1 637 14506
1 855 88159
2 699
1 646 74419
1 55 16741
2 734
1 683 54336
2 648
1 122 61430
1 421 91653
1 454 66508
2 901
2 750
2 544
2 462
1 130 11501
2 904
1 177 23836
1 125 25022
1 434 79779
1 171 43665
2 865
2 236
2 597
2 400
1 72 42541
2 211
2 126
2 402
1 102 79950
1 129 15860
1 203 91296
1 59 43177
2 387
1 303 11154
1 869 96056
1 778 46898
2 425
1 713 63354
1 956 94006
1 126 27205
1 781 95430
1 946 77000
1 870 97768
1 201 1793
2 69
2 739
1 678 65021
2 168
2 90
1 906 20739
1 17 97524
2 837
2 835
2 575
2 837
1 613 11433
2 103
1 345 56443
2 830
2 354
1 684 36149
1 855 92293
2 232
2 276
1 100 11253
2 366
1 565 18231
2 238
1 957 49148
2 544
1 565 75396
1 153 22598
2 329
2 229
1 896 19140
1 265 4301
2 260
2 261
2 190
2 924
1 203 81669
1 155 41277
2 250
1 496 70601
1 853 32027
1 427 68048
2 206
2 985
2 870
1 323 82549
2 42
2 385
2 409
2 515
2 793
1 50 23159
1 536 37333
1 526 12626
1 734 93922
1 550 13727
2 923
1 698 50194
2 653
2 443
2 382
2 966
1 381 89024
2 83
2 32
1 930 30410
1 793 79970
1 110 42401
1 200 1460
2 111
1 599 35517
1 541 21481
1 380 19327
1 351 70747
1 338 78918
2 898
1 369 27268
1 961 17365
2 364
1 408 92446
2 740
1 117 91894
2 961
1 34 8026
2 569
2 746
1 58 65748
1 90 22189
1 19 13030
2 829
2 749
2 820
2 535
1 592 16513
1 903 40980
2 603
1 813 29999
2 101
2 197
1 392 3550
1 916 80596
1 848 86201
2 789
2 759
1 680 67724
1 504 74330
1 348 46773
1 494 13623
1 201 74987
2 52
2 422
2 901
1 112 536
2 54
2 65
2 115
2 777
2 937
2 104
2 304
1 15 82994
2 982
1 783 4042
2 335
2 656
1 484 41120
1 330 49188
1 319 44921
2 980
1 323 15174
2 283
1 640 38496
2 444
2 342
2 544
2 444
2 108
1 253 10438
1 508 55852
2 550
1 1000 41927
1 545 9239
1 653 17148
2 225
1 138 7821
2 296
2 830
2 795
2 328
2 154
1 776 71893
2 166
2 452
2 338
2 372
2 556
1 450 93534
2 398
2 218
2 973
2 141
1 772 33037
1 442 27174
1 166 65184
2 221
1 742 42981
1 179 3578
1 160 26445
1 970 74198
2 712
1 908 76738
1 173 29838
2 75
2 897
1 514 50607
1 642 28415
2 375
1 938 87316
1 668 82144
2 902
2 539
1 313 676
1 754 95675
1 825 67625
2 871
2 143
1 107 44302
1 561 22509
1 286 58239
1 808 89113
2 616
1 110 53254
2 461
2 151
1 727 87974
1 212 21499
2 546
1 729 70180
1 846 71748
2 423
1 103 56058
1 93 36057
1 714 324
1 663 89833
2 16
1 191 67291
2 727
2 393
1 994 23144
1 763 16101
2 118
1 778 42530
1 190 33184
2 831
1 9 37843
1 784 2609
2 56
2 368
2 790
2 558
1 986 92987
2 142
1 994 80345
1 607 5007
2 63
1 895 72572
2 399
2 813
2 110
2 567
1 833 30626
2 116
2 908
1 63 65651
2 206
1 732 63233
1 710 70196
1 262 23005
2 591
2 238
2 891
2 447
2 719
2 393
2 680
1 531 3612
1 564 45169
1 919 27418
2 818
1 881 509
2 935
1 435 63842
2 222
1 354 61235
2 501
1 772 88101
2 709
2 446
1 341 41931
1 720 74104
1 218 13235
2 535
1 433 22010
2 37
2 439
2 681
1 159 72320
2 778
1 501 71357
1 837 89765
2 25
1 374 51943
1 319 23182
1 357 80286
2 564
1 371 69752
2 419
1 431 90634
2 265
1 724 48987
2 833
2 640
2 433
2 376
2 556
2 719
1 336 69270
1 413 13931
2 728
2 357
2 989
1 66 17077
1 488 5308
1 462 1533
1 272 42838
1 77 66869
1 623 86445
1 1 2892
2 810
2 758
2 659
2 984
1 893 34146
1 622 48133
2 464
1 498 62869
1 762 38893
2 568
1 837 97454
2 456
1 423 74620
2 337
2 360
1 831 80439
1 97 34067
1 864 98958
2 490
2 881
2 580
1 508 63962
1 365 82188
2 229
2 779
1 443 97389
2 773
2 327
2 232
2 716
1 899 100000
1 606 42992
1 920 42128
2 694
2 413
2 172
2 243
1 552 46795
1 755 26645
2 533
1 906 5071
1 69 25523
2 193
1 381 31915
1 263 36046
1 816 82284
1 54 42413
2 689
2 937
1 310 89831
2 721
1 490 20249
1 366 6378
1 177 4557
2 538
2 356
1 917 26656
2 451
2 754
1 541 8200
2 240
1 166 92640
2 815
2 95
1 616 63138
1 739 94847
1 173 50557
2 621
2 329
1 317 59046
2 750
2 691
2 254
2 616
1 338 41865
1 978 88018
2 481
1 423 8490
2 440
2 703
1 507 67327
1 268 63087
2 122
1 563 26156
2 160
1 934 74182
2 821
2 909
2 105
1 171 63322
2 262
1 353 75284
2 615
1 323 32596
1 1 41139
2 581
1 707 31923
2 741
1 668 40665
2 114
2 224
1 961 39376
1 802 89677
1 942 26322
1 636 68006
1 350 79699
2 879
2 525
2 666
1 197 52678
1 746 2466
1 109 27013
2 824
1 60 51275
1 525 50325
2 717
2 951
2 880
2 17
2 60
1 533 52115
2 22
2 828
1 426 72099
2 621
1 872 49715
1 64 68381
1 297 27707
1 562 98384
1 807 58698
1 768 79152
1 259 98368
2 296
2 453
1 311 71480
1 623 69728
2 13
2 289
2 367
1 623 53142
2 567
2 145
1 37 61128
2 938
1 176 56361
1 682 42250
2 682
2 959
2 275
2 641
2 71
2 337
1 98 53748
2 675
2 10
2 423
1 576 95607
1 844 34473
2 840
2 951
1 345 68960
2 833
1 260 29944
2 854
1 632 65853
1 831 62276
1 414 35917
1 615 77013
1 754 5269
2 876
2 416
2 216
2 501
1 309 5405
1 276 85853
1 875 79086
2 423
2 268
1 790 35623
1 919 9093
1 754 78171
2 406
2 616
2 189
1 234 7573
2 492
1 786 55191
2 172
2 938
1 434 86880
2 492
2 178
1 639 54267
1 906 39297
2 962
1 638 10281
1 722 58520
2 447
2 425
2 582
1 38 83244
1 788 77697
2 505
1 913 13200
2 684
1 390 72098
2 418
1 751 21697
2 316
2 250
1 599 29508
2 191
1 450 94973
2 408
2 184
1 467 15808
2 940
2 945
1 517 32677
2 73
2 428
2 897
1 363 24854
2 542
1 203 45269
2 390
2 158
2 962
2 724
1 210 80978
2 436
2 201
1 640 54920
1 258 51381
2 852
2 721
2 294
2 627
2 505
2 471
2 867
1 105 35302
2 44
2 704
2 441
2 882
2 800
2 328
2 232
1 82 31945
1 414 70372
1 645 3579
2 24
1 203 9592
1 93 2891
2 537
1 32 25018
2 435
2 856
1 56 36339
2 4
2 942
1 496 58907
2 349
1 459 54207
1 72 22393
2 355
2 875
1 736 56427
2 805
2 664
1 389 62496
1 110 32901
2 356
2 177
1 559 17731
2 8
2 150
1 736 49252
2 323
2 647
2 210
1 655 38146
2 623
2 496
1 804 71386
2 925
2 297
2 564
1 31 28799
1 6 71671
2 42
2 612
1 249 35291
1 826 4784
2 548
2 220
2 416
1 250 87433
2 875
2 105
2 980
2 938
1 444 40677
2 565
2 649
2 575
1 967 91646
1 896 13999
2 146
1 990 42152
2 534
1 134 23487
1 643 16929
1 485 15432
2 898
1 595 8368
1 945 76896
2 507
1 802 79190
2 248
1 721 56701
2 88
2 606
2 863
2 694
2 464
1 873 27136
1 686 49452
2 715
2 434
1 144 36143
1 275 16649
1 155 72936
1 602 96644
2 712
1 603 80216
2 990
2 432
2 919
2 777
2 579
2 25
2 620
2 969
2 865
2 650
1 509 36268
1 383 27183
1 71 74684
1 692 88507
1 614 94145
1 846 68519
2 868
2 202
1 900 75665
1 959 4254
2 375
1 811 32463
1 814 9280
1 284 64696
2 748
1 631 70495
1 832 8126
1 450 77812
1 90 39755
1 570 13739
1 263 12607
2 105
2 643
2 345
1 975 88539
2 643
1 41 29778
2 538
1 92 42943
1 136 79955
1 790 37897
2 117
1 491 13939
1 912 26892
1 216 75144
1 387 93266
1 583 38645
1 630 82866
2 282
1 53 68782
1 561 62798
1 842 83705
1 434 51799
2 335
1 752 16563
1 255 58579
2 777
2 92
1 916 5361
1 153 89119
2 708
2 886
1 406 65488
2 814
2 456
2 615
2 187
1 473 21861
1 919 87857
1 209 87469
2 354
1 11 47307
1 619 91051
2 362
1 121 90843
1 40 9015
1 186 4318
2 690
2 143
1 486 16631
1 798 89672
1 843 35717
2 776
2 719
1 222 95577
2 110
2 83
2 52
2 501
2 508
2 840
1 408 10442
2 301
2 490
1 18 38568
2 862
1 754 52325
2 401
1 367 15380
1 679 96864
2 375
2 39
1 480 27955
2 140
1 394 72226
1 629 79139
1 147 76275
1 875 23010
2 397
2 539
1 105 25721
2 707
2 219
2 931
1 107 31398
2 789
2 368
1 840 4935
1 293 67664
1 554 75092
1 738 33549
2 949
2 758
2 577
2 391
2 325
1 424 10786
2 885
1 617 42062
1 948 93896
1 554 75683
2 443
2 853
2 502
1 254 6007
1 925 54220
1 464 3829
1 393 57629
2 31
1 773 8212
1 131 50050
1 339 27104
1 428 54158
2 646
1 351 16080
2 924
1 507 4813
1 720 17434
2 922
1 536 26749
2 343
1 935 47406
2 323
2 417
2 681
2 533
1 532 8982
1 64 87531
2 988
1 896 50318
2 641
2 367
1 368 47232
1 687 30980
2 391
2 950
2 561
1 531 21805
2 301
2 742
2 357
2 798
1 934 15383
1 634 30383
2 468
2 110
2 640
1 443 42765
2 853
2 142
2 810
1 396 42468
2 34
1 938 3147
2 97
1 712 29423
2 867
1 17 79857
1 540 46797
1 337 99663
2 251
2 317
1 447 90518
2 302
2 453
1 412 21829
2 41
1 173 63267
1 518 39422
2 824
1 852 98765
2 110
1 547 41646
2 116
2 206
2 888
2 325
1 754 9140
1 869 7935
2 97
1 518 74551
1 123 26180
2 289
2 632
2 250
1 560 46243
2 643
1 546 63977
2 942
1 582 25510
1 252 75917
1 523 36905
2 639
2 324
1 885 22066
1 614 74340
1 695 46621
1 354 7438
1 681 89498
2 71
1 264 32262
1 138 63896
1 861 60658
2 192
2 594
2 142
1 575 15173
1 140 41561
1 86 53996
2 781
2 482
1 762 24809
2 872
2 299
1 632 25571
1 165 81060
2 318
2 557
1 564 24748
1 117 89801
1 912 7854
1 915 82907
2 863
2 819
1 547 45296
1 761 75846
2 648
1 349 22647
2 493
2 700
1 325 65410
2 736
1 448 98647
1 452 9806
1 791 78125
1 395 19097
2 113
2 166
1 746 94652
1 412 71144
1 751 60624
2 626
1 478 37882
1 279 69915
2 428
1 910 95836
1 59 9596
2 794
1 110 97611
2 687
2 376
2 193
1 835 68317
2 122
1 628 98834
1 513 19797
2 448
2 988
1 688 68303
1 620 34354
2 782
1 825 77839
1 512 21844
1 473 14181
2 109
2 344
2 185
1 625 15415
1 616 54271
1 233 67542
2 431
1 114 55385
1 601 86429
1 391 7432
2 478
2 324
2 315
2 764
2 877
2 142
2 396
1 520 77768
2 652
2 67
2 397
1 918 47631
1 652 11656
1 888 36400
2 217
1 593 45998
2 959
2 870
2 986
2 461
1 981 56483
2 937
1 191 90423
1 143 5256
1 896 59419
2 121
2 290
1 297 87876
2 549
2 149
1 719 54183
2 895
1 501 98059
1 927 91884
1 811 8759
1 601 81015
2 861
1 487 76952
2 495
1 383 7701
1 729 65179
2 25
2 655
2 64
1 688 92729
2 153
1 435 66
2 730
1 967 51817
1 31 7016
1 122 9195
1 511 58367
2 348
1 642 14380
1 413 55214
2 880
1 610 92365
1 623 45594
1 403 52497
2 596
2 562
2 145
1 344 71328
2 821
2 774
1 995 60164
1 505 2542
1 824 6647
2 693
2 76
1 874 49932
2 504
2 429
2 977
1 176 84957
1 625 32758
2 667
1 617 7002
1 67 16153
1 818 11407
1 540 92476
2 342
2 122
1 624 49336
2 972
2 790
2 616
2 758
2 986
2 163
2 741
2 382
1 451 52725
2 382
1 323 16693
2 499
1 961 2317
2 326
2 916
2 553
2 382
1 137 39064
2 57
1 837 3197
1 44 77212
1 782 70891
1 453 74455
2 984
1 271 69760
1 362 63181
2 844
2 516
2 469
1 218 44679
1 481 42649
2 435
2 904
1 659 68300
2 645
1 618 71760
1 940 91131
2 440
1 420 41346
1 176 30882
2 621
1 29 47718
2 741
1 471 68269
2 833
1 324 70005
2 433
2 690
2 368
2 345
1 427 35979
2 793
1 672 60248
2 531
2 451
1 537 79629
2 640
1 977 7445
1 812 55583
2 218
1 378 36530
2 523
2 24
1 389 87158
1 704 85734
2 971
2 13
1 138 78018
2 571
2 296
1 859 31301
2 85
1 406 90828
2 370
2 814
1 305 64058
2 532
1 842 39569
1 222 56477
2 292
2 696
2 447
2 405
2 248
1 589 80255
1 271 53524
2 210
1 580 90389
1 771 70772
1 99 24348
2 379
2 727
1 204 1605
1 813 90450
1 131 18615
1 135 66568
1 851 82537
1 147 57574
1 172 85342
1 319 93640
1 813 43349
1 494 43885
1 129 51703
1 205 1941
2 475
2 836
1 745 732
2 492
2 295
2 874
2 739
1 262 15594
2 60
2 330
2 807
2 348
1 591 1653
1 297 31491
1 900 513
1 482 7650
1 994 82221
1 810 56557
2 37
2 695
1 777 11274
1 49 19366
2 820
1 994 68018
2 163
1 801 2483
2 857
2 84
2 172
2 239
1 709 65416
1 81 35343
2 305
1 787 97530
2 575
2 502
2 84
1 165 2627
2 902
1 517 97846
1 484 73293
2 398
1 139 53803
1 53 89228
1 515 13503
2 404
1 330 29423
2 791
1 960 6546
2 18
1 884 65166
2 677
2 774
2 256
2 137
1 94 20073
2 687
1 104 18140
2 828
1 306 71811
1 87 77262
1 709 82991
2 603
2 641
1 848 72079
1 724 87185
1 270 64516
2 467
1 21 98158
2 173
1 435 25192
2 937
2 730
2 310
1 704 12600
1 103 15091
1 69 9385
1 725 50415
2 173
1 679 76497
1 344 29163
1 960 4915
2 63
1 809 6565
1 957 66458
2 255
2 467
2 703
1 510 17637
1 62 96689
2 913
2 266
1 93 64359
2 260
1 242 48379
1 177 57756
2 28
1 148 33528
1 702 94953
2 218
2 209
1 14 6451
1 976 486
2 214
1 888 44833
2 531
2 340
1 257 63595
2 191
2 30
1 43 47558
1 786 2971
2 650
1 546 4959
2 67
1 928 42186
2 232
2 447
2 345
2 577
2 370
2 131
2 459
1 85 47647
1 674 99554
2 147
2 349
1 570 69148
1 132 27275
1 944 9224
2 356
2 85
2 447
1 982 61834
2 962
1 627 64608
1 651 52896
1 770 71715
1 79 31930
2 894
1 784 33639
2 219
1 921 1579
1 209 865
2 484
1 431 18586
1 453 48019
2 336
2 102
2 199
1 52 71950
1 804 52733
2 533
1 435 71562
1 575 77222
1 278 52497
1 878 27044
2 844
2 302
1 438 97055
2 727
2 823
2 738
1 899 93069
1 629 86599
2 679
1 662 84768
1 600 60055
2 711
1 237 54979
2 180
2 86
2 128
2 810
2 181
1 951 87898
1 463 55390
1 944 18932
2 464
2 713
1 827 46596
2 617
2 658
2 548
2 154
2 254
2 342
2 865
2 167
1 622 69081
2 566
2 898
1 134 3482
1 138 4738
1 702 34967
2 655
2 37
1 402 66255
2 993
2 257
1 474 22159
1 670 57263
1 528 55590
2 648
2 153
2 532
1 47 11227
1 808 62523
2 677
1 520 50736
1 65 85271
1 659 48141
2 612
2 133
2 170
2 445
1 829 37989
2 683
1 753 41213
1 830 29259
2 876
2 952
2 492
2 790
1 801 37517
2 556
2 153
1 445 86391
1 539 14428
1 214 89564
1 636 76397
2 325
2 420
1 958 24640
1 131 34222
2 604
1 589 62787
1 345 59086
2 489
1 916 6527
1 656 16989
2 216
2 500
2 861
2 166
1 94 48283
1 138 28705
2 798
2 207
2 845
1 962 84427
1 794 12191
2 123
2 650
2 735
2 222
2 651
2 541
2 568
2 172
2 994
1 158 52328
2 144
2 704
1 476 83403
1 100 49897
2 804
2 774
2 762
1 929 99413
2 359
1 779 19899
1 76 19158
2 282
2 763
2 575
1 202 59362
1 95 94626
2 731
2 37
1 746 35433
1 43 68576
1 568 60647
2 465
1 727 32450
2 825
1 802 78471
1 693 43683
1 284 91692
2 541
2 49
2 806
2 329
1 811 50637
2 402
1 485 87051
2 542
1 380 40497
2 216
2 553
2 823
2 607
2 923
2 732
1 838 90426
1 577 56056
1 223 59670
1 269 89081
1 77 79058
2 426
1 52 65166
1 770 86532
1 276 20336
1 957 27884
1 150 69128
1 368 62069
1 752 6545
1 497 21148
1 488 48259
2 791
2 653
1 837 77328
1 706 5375
2 561
1 151 33143
2 90
2 1000
1 892 70437
2 607
1 814 2627
2 804
2 711
2 540
2 625
2 12
1 269 58928
2 222
1 559 35381
2 744
2 39
1 652 19193
1 436 71606
2 289
2 912
2 16
1 809 45594
1 524 47421
1 432 60394
2 233
1 103 72371
2 412
2 672
1 734 95717
2 392
2 579
2 792
1 490 76782
2 547
2 139
1 423 58731
2 299
1 862 32151
2 26
2 501
2 36
2 317
2 35
2 784
1 926 94204
2 918
1 810 97769
1 408 19922
2 407
1 865 71966
2 331
1 3 22778
2 443
1 294 95935
2 364
1 582 50658
2 607
1 559 20175
1 401 27145
2 657
2 706
2 501
2 875
2 233
2 892
2 670
1 591 43026
2 400
1 297 14842
1 698 84210
1 495 2290
1 161 12083
1 773 38265
1 926 94377
1 202 79347
2 701
1 842 77964
2 994
1 849 76953
1 329 34123
1 594 25437
2 681
2 431
2 614
2 1
1 377 67604
2 65
1 193 12427
2 898
2 33
2 626
1 615 94648
1 711 29385
2 742
1 174 55289
1 864 6563
2 858
1 12 39477
2 369
2 485
2 196
1 777 59121
2 714
2 329
2 398
2 185
1 901 23949
2 674
1 297 91640
1 672 50388
2 580
2 646
1 545 59779
1 340 85116
2 844
2 987
2 193
1 994 54956
2 701
1 239 98980
2 505
1 139 2284
1 753 66583
1 627 55159
1 336 25041
1 703 39059
1 258 18862
1 356 10411
1 456 27762
2 416
2 553
1 757 92700
1 555 39978
2 227
1 638 97837
2 386
2 151
2 419
1 589 29244
1 17 89552
2 349
1 408 23595
2 904
1 805 2323
1 857 61997
2 629
2 404
1 746 35970
1 251 10837
1 893 44408
1 78 61068
2 977
1 22 6045
1 50 73391
2 401
2 799
2 185
2 393
2 182
1 857 70672
1 228 11261
2 576
1 734 6765
1 184 52353
1 985 68736
2 19
2 704
1 7 24319
2 105
1 825 5702
2 951
2 265
1 523 48937
1 563 12981
2 636
2 748
2 295
2 122
2 262
1 473 41784
2 305
2 732
1 591 87901
1 593 46680
2 577
1 517 36367
2 957
2 684
2 646
2 246
1 934 37567
2 362
2 827
1 418 37605
1 635 5141
2 600
1 965 86254
2 138
1 464 37570
1 342 85537
1 426 30929
1 882 35812
1 81 9081
1 923 82676
2 424
1 645 43609
1 600 59305
2 565
2 380
2 50
2 994
1 79 15150
2 736
2 353
2 954
2 36
1 194 68244
2 378
1 377 6122
1 927 16429
2 508
2 453
2 145
2 929
2 439
1 277 27313
1 731 22686
2 993
2 840
1 107 33146
2 284
2 128
1 71 86847
1 123 25428
2 505
1 768 95593
2 330
1 50 76963
2 923
2 300
2 792
1 528 73925
2 153
1 163 7462
1 202 27233
2 977
1 556 86080
1 488 3382
1 349 41959
1 201 95860

